{
  "robot_name": "dro/allegro/allegro_hand_left",
  "robot_path": "assets/dro_urdf_robot/allegro/allegro_hand_left.urdf",
  "links": {
    "base_link": {
      "transform": [
        [
          -1.0,
          -6.123233995731376e-17,
          -8.124275616705919e-23,
          -0.0091
        ],
        [
          -2.3509887016466443e-38,
          -1.3267948966775328e-06,
          0.9999999999991198,
          6.189498193000691e-08
        ],
        [
          -6.123233995736765e-17,
          0.9999999999991198,
          1.3267948966775328e-06,
          -0.04664999999995895
        ],
        [
          0.0,
          0.0,
          0.0,
          1.0
        ]
      ],
      "extents": [
        0.0408,
        0.09670000000000002,
        0.113478
      ],
      "iou": 0.54175
    },
    "link_0.0": {
      "transform": [
        [
          -1.0,
          1.2246467991473532e-16,
          -6.123233995736766e-17,
          -1.3471114790620884e-18
        ],
        [
          6.123233995736767e-17,
          6.123233995736765e-17,
          -1.0,
          -6.735557395310441e-19
        ],
        [
          -1.2246467991473532e-16,
          -1.0,
          -6.123233995736766e-17,
          0.011
        ],
        [
          0.0,
          0.0,
          0.0,
          1.0
        ]
      ],
      "extents": [
        0.0196,
        0.022,
        0.0269
      ],
      "iou": 0.39225
    },
    "link_1.0": {
      "transform": [
        [
          1.0,
          -6.123233995736766e-17,
          0.0,
          -3.0616169978683644e-21
        ],
        [
          -6.123233995736766e-17,
          -1.0,
          -0.0,
          -4.99999999999997e-05
        ],
        [
          -0.0,
          -0.0,
          -1.0,
          0.026999999999999996
        ],
        [
          0.0,
          0.0,
          0.0,
          1.0
        ]
      ],
      "extents": [
        0.0196,
        0.027,
        0.0716
      ],
      "iou": 0.8964
    },
    "link_2.0": {
      "transform": [
        [
          1.0,
          -6.123233995736766e-17,
          0.0,
          -3.0616169978683644e-21
        ],
        [
          -6.123233995736766e-17,
          -1.0,
          -0.0,
          -4.99999999999997e-05
        ],
        [
          -0.0,
          -0.0,
          -1.0,
          0.02045
        ],
        [
          0.0,
          0.0,
          0.0,
          1.0
        ]
      ],
      "extents": [
        0.0196,
        0.027,
        0.0535
      ],
      "iou": 0.69735
    },
    "link_3.0": {
      "transform": [
        [
          1.0,
          0.0,
          -1.8369701987210297e-16,
          0.0
        ],
        [
          -1.8369701987210297e-16,
          -0.0,
          -1.0,
          -0.0
        ],
        [
          0.0,
          1.0,
          0.0,
          0.004699999999999999
        ],
        [
          0.0,
          0.0,
          0.0,
          1.0
        ]
      ],
      "extents": [
        0.0196,
        0.022,
        0.0269
      ],
      "iou": 0.44945
    },
    "link_3.0_tip": {
      "transform": [
        [
          0.0,
          0.9814774808837592,
          0.19157754178940148,
          7.084765960142648e-06
        ],
        [
          -0.0,
          0.19157754178940148,
          -0.9814774808837594,
          1.3828967788188165e-06
        ],
        [
          -1.0,
          -0.0,
          -0.0,
          0.0005000000000000004
        ],
        [
          0.0,
          0.0,
          0.0,
          1.0
        ]
      ],
      "extents": [
        0.023,
        0.023973197230448308,
        0.02399906591732247
      ],
      "iou": 0.6468893614102477
    },
    "link_4.0": {
      "transform": [
        [
          -1.0,
          1.2246467991473532e-16,
          -6.123233995736766e-17,
          -1.3471114790620884e-18
        ],
        [
          6.123233995736767e-17,
          6.123233995736765e-17,
          -1.0,
          -6.735557395310441e-19
        ],
        [
          -1.2246467991473532e-16,
          -1.0,
          -6.123233995736766e-17,
          0.011
        ],
        [
          0.0,
          0.0,
          0.0,
          1.0
        ]
      ],
      "extents": [
        0.0196,
        0.022,
        0.0269
      ],
      "iou": 0.39225
    },
    "link_5.0": {
      "transform": [
        [
          1.0,
          -6.123233995736766e-17,
          0.0,
          -3.0616169978683644e-21
        ],
        [
          -6.123233995736766e-17,
          -1.0,
          -0.0,
          -4.99999999999997e-05
        ],
        [
          -0.0,
          -0.0,
          -1.0,
          0.026999999999999996
        ],
        [
          0.0,
          0.0,
          0.0,
          1.0
        ]
      ],
      "extents": [
        0.0196,
        0.027,
        0.0716
      ],
      "iou": 0.8964
    },
    "link_6.0": {
      "transform": [
        [
          1.0,
          -6.123233995736766e-17,
          0.0,
          -3.0616169978683644e-21
        ],
        [
          -6.123233995736766e-17,
          -1.0,
          -0.0,
          -4.99999999999997e-05
        ],
        [
          -0.0,
          -0.0,
          -1.0,
          0.02045
        ],
        [
          0.0,
          0.0,
          0.0,
          1.0
        ]
      ],
      "extents": [
        0.0196,
        0.027,
        0.0535
      ],
      "iou": 0.69735
    },
    "link_7.0": {
      "transform": [
        [
          1.0,
          0.0,
          -1.8369701987210297e-16,
          0.0
        ],
        [
          -1.8369701987210297e-16,
          -0.0,
          -1.0,
          -0.0
        ],
        [
          0.0,
          1.0,
          0.0,
          0.004699999999999999
        ],
        [
          0.0,
          0.0,
          0.0,
          1.0
        ]
      ],
      "extents": [
        0.0196,
        0.022,
        0.0269
      ],
      "iou": 0.44945
    },
    "link_7.0_tip": {
      "transform": [
        [
          0.0,
          0.9814774808837592,
          0.19157754178940148,
          7.084765960142648e-06
        ],
        [
          -0.0,
          0.19157754178940148,
          -0.9814774808837594,
          1.3828967788188165e-06
        ],
        [
          -1.0,
          -0.0,
          -0.0,
          0.0005000000000000004
        ],
        [
          0.0,
          0.0,
          0.0,
          1.0
        ]
      ],
      "extents": [
        0.023,
        0.023973197230448308,
        0.02399906591732247
      ],
      "iou": 0.6468893614102477
    },
    "link_8.0": {
      "transform": [
        [
          -1.0,
          1.2246467991473532e-16,
          -6.123233995736766e-17,
          -1.3471114790620884e-18
        ],
        [
          6.123233995736767e-17,
          6.123233995736765e-17,
          -1.0,
          -6.735557395310441e-19
        ],
        [
          -1.2246467991473532e-16,
          -1.0,
          -6.123233995736766e-17,
          0.011
        ],
        [
          0.0,
          0.0,
          0.0,
          1.0
        ]
      ],
      "extents": [
        0.0196,
        0.022,
        0.0269
      ],
      "iou": 0.39225
    },
    "link_9.0": {
      "transform": [
        [
          1.0,
          -6.123233995736766e-17,
          0.0,
          -3.0616169978683644e-21
        ],
        [
          -6.123233995736766e-17,
          -1.0,
          -0.0,
          -4.99999999999997e-05
        ],
        [
          -0.0,
          -0.0,
          -1.0,
          0.026999999999999996
        ],
        [
          0.0,
          0.0,
          0.0,
          1.0
        ]
      ],
      "extents": [
        0.0196,
        0.027,
        0.0716
      ],
      "iou": 0.8964
    },
    "link_10.0": {
      "transform": [
        [
          1.0,
          -6.123233995736766e-17,
          0.0,
          -3.0616169978683644e-21
        ],
        [
          -6.123233995736766e-17,
          -1.0,
          -0.0,
          -4.99999999999997e-05
        ],
        [
          -0.0,
          -0.0,
          -1.0,
          0.02045
        ],
        [
          0.0,
          0.0,
          0.0,
          1.0
        ]
      ],
      "extents": [
        0.0196,
        0.027,
        0.0535
      ],
      "iou": 0.69735
    },
    "link_11.0": {
      "transform": [
        [
          1.0,
          0.0,
          -1.8369701987210297e-16,
          0.0
        ],
        [
          -1.8369701987210297e-16,
          -0.0,
          -1.0,
          -0.0
        ],
        [
          0.0,
          1.0,
          0.0,
          0.004699999999999999
        ],
        [
          0.0,
          0.0,
          0.0,
          1.0
        ]
      ],
      "extents": [
        0.0196,
        0.022,
        0.0269
      ],
      "iou": 0.44945
    },
    "link_11.0_tip": {
      "transform": [
        [
          0.0,
          0.9814774808837592,
          0.19157754178940148,
          7.084765960142648e-06
        ],
        [
          -0.0,
          0.19157754178940148,
          -0.9814774808837594,
          1.3828967788188165e-06
        ],
        [
          -1.0,
          -0.0,
          -0.0,
          0.0005000000000000004
        ],
        [
          0.0,
          0.0,
          0.0,
          1.0
        ]
      ],
      "extents": [
        0.023,
        0.023973197230448308,
        0.02399906591732247
      ],
      "iou": 0.6468893614102477
    },
    "link_12.0": {
      "transform": [
        [
          2.155853117565484e-28,
          -1.0,
          -1.6248481684322621e-22,
          -0.01685
        ],
        [
          -0.9999999999964793,
          2.1558531175654843e-28,
          -2.653578435126838e-06,
          -0.008999955552495453
        ],
        [
          2.653578435126838e-06,
          1.6248481684322621e-22,
          -0.9999999999964793,
          0.016750023882230996
        ],
        [
          0.0,
          0.0,
          0.0,
          1.0
        ]
      ],
      "extents": [
        0.03400000000020445,
        0.0447,
        0.049500000000168104
      ],
      "iou": 0.6353
    },
    "link_13.0": {
      "transform": [
        [
          1.0,
          0.0,
          -1.8369701987210297e-16,
          0.0
        ],
        [
          -1.8369701987210297e-16,
          -0.0,
          -1.0,
          -0.0
        ],
        [
          0.0,
          1.0,
          0.0,
          0.010833
        ],
        [
          0.0,
          0.0,
          0.0,
          1.0
        ]
      ],
      "extents": [
        0.0196,
        0.022000000000000002,
        0.0269
      ],
      "iou": 0.39165
    },
    "link_14.0": {
      "transform": [
        [
          -1.0,
          1.8369701987210297e-16,
          -0.0,
          9.184850993605092e-21
        ],
        [
          1.8369701987210297e-16,
          1.0,
          0.0,
          4.99999999999997e-05
        ],
        [
          -0.0,
          -0.0,
          -1.0,
          0.02445
        ],
        [
          0.0,
          0.0,
          0.0,
          1.0
        ]
      ],
      "extents": [
        0.0196,
        0.027,
        0.0665
      ],
      "iou": 0.61065
    },
    "link_15.0": {
      "transform": [
        [
          -1.0,
          1.8369701987210297e-16,
          -0.0,
          9.184850993605092e-21
        ],
        [
          1.8369701987210297e-16,
          1.0,
          0.0,
          4.99999999999997e-05
        ],
        [
          -0.0,
          -0.0,
          -1.0,
          0.011250000000000001
        ],
        [
          0.0,
          0.0,
          0.0,
          1.0
        ]
      ],
      "extents": [
        0.0196,
        0.027,
        0.040100000000000004
      ],
      "iou": 0.9052
    },
    "link_15.0_tip": {
      "transform": [
        [
          0.0,
          0.9814774808837592,
          0.19157754178940148,
          7.084765960142648e-06
        ],
        [
          -0.0,
          0.19157754178940148,
          -0.9814774808837594,
          1.3828967788188165e-06
        ],
        [
          -1.0,
          -0.0,
          -0.0,
          0.0005000000000000004
        ],
        [
          0.0,
          0.0,
          0.0,
          1.0
        ]
      ],
      "extents": [
        0.023,
        0.023973197230448308,
        0.02399906591732247
      ],
      "iou": 0.6468893614102477
    }
  }
}