{
  "robot_name": "spider/schunk/right",
  "robot_path": "assets/spider_robots/schunk/right.xml",
  "links": {
    "right_hand_base_link": {
      "transform": [
        [
          -0.09801714032956088,
          -0.995184726672197,
          -0.0,
          -0.0
        ],
        [
          0.9951847266721969,
          -0.0980171403295609,
          0.0,
          0.0
        ],
        [
          0.0,
          0.0,
          1.0,
          0.04424999997696
        ],
        [
          0.0,
          0.0,
          0.0,
          1.0
        ]
      ],
      "extents": [
        0.0895666254004977,
        0.0895666254004977,
        0.15149999995392
      ],
      "iou": 0.38898512633653903
    },
    "right_hand_z": {
      "transform": [
        [
          0.0,
          1.0,
          6.123233995736766e-17,
          -8.321362150360453e-19
        ],
        [
          1.0,
          0.0,
          0.0,
          0.0
        ],
        [
          -0.0,
          6.123233995736766e-17,
          -1.0,
          0.04192
        ],
        [
          0.0,
          0.0,
          0.0,
          1.0
        ]
      ],
      "extents": [
        0.024,
        0.031,
        0.035
      ],
      "iou": 0.53225
    },
    "right_hand_a": {
      "transform": [
        [
          0.003012048645260742,
          -0.0013391755510572382,
          0.9999945670711429,
          0.02417731146211767
        ],
        [
          -4.033665521483617e-06,
          -0.9999991033040196,
          -0.0013391694762396275,
          0.0013529538737706804
        ],
        [
          0.9999954637630553,
          -1.8369588429189447e-16,
          -0.0030120513461550772,
          -3.43024285342549e-06
        ],
        [
          0.0,
          0.0,
          0.0,
          1.0
        ]
      ],
      "extents": [
        0.029220867446620242,
        0.033449655787416044,
        0.07728014088375691
      ],
      "iou": 0.4977464931381982
    },
    "right_hand_b": {
      "transform": [
        [
          0.11313979519284512,
          -0.0040666655467168095,
          0.9935707569041332,
          0.012149127719164769
        ],
        [
          0.9935779669885494,
          0.00195936351321198,
          -0.11313259658261146,
          -0.0013394380589414954
        ],
        [
          -0.0014866938561392507,
          0.9999898115110745,
          0.004262231272922403,
          5.755362603004362e-05
        ],
        [
          0.0,
          0.0,
          0.0,
          1.0
        ]
      ],
      "extents": [
        0.023704648789299072,
        0.028119965108800826,
        0.04815523713458739
      ],
      "iou": 0.3331597109186796
    },
    "right_hand_c": {
      "transform": [
        [
          0.037559072425287866,
          0.07279748974276724,
          0.996639273541688,
          0.009823059820863352
        ],
        [
          0.4569687145076713,
          0.8857027918703374,
          -0.08191555672945354,
          0.0006031444871707647
        ],
        [
          -0.8886894339642833,
          0.45850963998616384,
          -6.166521695801531e-17,
          -0.0004775000783204409
        ],
        [
          0.0,
          0.0,
          0.0,
          1.0
        ]
      ],
      "extents": [
        0.020414980539103768,
        0.020781448852322925,
        0.03585448013826029
      ],
      "iou": 0.46310137909253607
    },
    "right_hand_e2": {
      "transform": [
        [
          -1.0,
          -6.123233995736766e-17,
          -0.0,
          0.01275
        ],
        [
          -6.123233995736766e-17,
          1.0,
          0.0,
          7.807123344564376e-19
        ],
        [
          -0.0,
          -0.0,
          -1.0,
          0.025150000000000006
        ],
        [
          0.0,
          0.0,
          0.0,
          1.0
        ]
      ],
      "extents": [
        0.0311,
        0.035,
        0.06670000000000001
      ],
      "iou": 0.728
    },
    "right_hand_virtual_j": {
      "transform": [
        [
          0.5084250096643587,
          -0.05051419171267644,
          0.8596233628650467,
          -7.377602677555298e-19
        ],
        [
          0.8186343693227228,
          0.33800101509878916,
          -0.464320022350723,
          -1.983435382502415e-19
        ],
        [
          -0.2670988186259619,
          0.939789141365127,
          0.2132008228427189,
          -0.003209999999999999
        ],
        [
          0.0,
          0.0,
          0.0,
          1.0
        ]
      ],
      "extents": [
        0.01992453375921735,
        0.01992767174945868,
        0.019933812188273795
      ],
      "iou": 0.5371001786004221
    },
    "right_hand_j": {
      "transform": [
        [
          -0.005277534896656375,
          -0.03700087383911035,
          -0.999301297387608,
          0.025505053842318985
        ],
        [
          -0.16503481902635717,
          -0.9855797332009488,
          0.03736439498351274,
          1.5032140642344978e-05
        ],
        [
          -0.9862736213315004,
          0.16511670066558579,
          -0.0009050010824493632,
          -1.5942431562745176e-05
        ],
        [
          0.0,
          0.0,
          0.0,
          1.0
        ]
      ],
      "extents": [
        0.018189368570355288,
        0.020713976580865785,
        0.06631365750395149
      ],
      "iou": 0.536123086071057
    },
    "right_hand_n": {
      "transform": [
        [
          0.0045745713944424,
          -3.2772954497306183e-06,
          -0.9999895365881668,
          0.01577590865363921
        ],
        [
          0.9999892799651164,
          -0.0007164081690646146,
          0.00457457256839545,
          0.0004577266675495153
        ],
        [
          -0.0007164156652167639,
          -0.9999997433742643,
          6.12319960433033e-17,
          -1.586139475952241e-06
        ],
        [
          0.0,
          0.0,
          0.0,
          1.0
        ]
      ],
      "extents": [
        0.01685924067894401,
        0.019608683778448228,
        0.043487302514800076
      ],
      "iou": 0.3620339327440821
    },
    "right_hand_r": {
      "transform": [
        [
          0.030647166056362626,
          0.012651354892399568,
          -0.9994501960738714,
          0.007605508737986055
        ],
        [
          -0.7567154778836848,
          -0.6529864827170222,
          -0.03146965077846576,
          0.00047020563338875216
        ],
        [
          -0.6530256019054538,
          0.7572638883561255,
          -0.010438709105110508,
          2.6260928254081852e-05
        ],
        [
          0.0,
          0.0,
          0.0,
          1.0
        ]
      ],
      "extents": [
        0.016517797168365315,
        0.016585931700314124,
        0.029711943400497064
      ],
      "iou": 0.4638004246284501
    },
    "right_hand_virtual_i": {
      "transform": [
        [
          0.5084250096643587,
          -0.05051419171267644,
          0.8596233628650467,
          -7.377602677555298e-19
        ],
        [
          0.8186343693227228,
          0.33800101509878916,
          -0.464320022350723,
          -1.983435382502415e-19
        ],
        [
          -0.2670988186259619,
          0.939789141365127,
          0.2132008228427189,
          -0.003209999999999999
        ],
        [
          0.0,
          0.0,
          0.0,
          1.0
        ]
      ],
      "extents": [
        0.01992453375921735,
        0.01992767174945868,
        0.019933812188273795
      ],
      "iou": 0.5371001786004221
    },
    "right_hand_i": {
      "transform": [
        [
          -0.0004900210291603456,
          0.022857793167776683,
          0.9997386064221437,
          0.022692247599996804
        ],
        [
          -0.021427283184189492,
          0.9995089557909098,
          -0.022863045053314254,
          0.000674008690769487
        ],
        [
          -0.9997702893238705,
          -0.021432885602840998,
          -6.124335126143419e-17,
          -3.0694925452024396e-05
        ],
        [
          0.0,
          0.0,
          0.0,
          1.0
        ]
      ],
      "extents": [
        0.017977869342621838,
        0.02098036832594026,
        0.06077769314709956
      ],
      "iou": 0.5283674040884906
    },
    "right_hand_m": {
      "transform": [
        [
          0.0019755486822606565,
          -1.8357569393755417e-16,
          -0.9999980486017981,
          0.010792973095215016
        ],
        [
          -0.999998048601798,
          -6.159512287423311e-17,
          -0.0019755486822606565,
          -0.0009752561341494706
        ],
        [
          -6.123233995736766e-17,
          1.0,
          -1.83697019872103e-16,
          1.9212565041866624e-18
        ],
        [
          0.0,
          0.0,
          0.0,
          1.0
        ]
      ],
      "extents": [
        0.014002046018767205,
        0.019928,
        0.03349402353955933
      ],
      "iou": 0.33554583396188464
    },
    "right_hand_q": {
      "transform": [
        [
          0.030647166056362626,
          0.012651354892399568,
          -0.9994501960738714,
          0.007605508737986055
        ],
        [
          -0.7567154778836848,
          -0.6529864827170222,
          -0.03146965077846576,
          0.00047020563338875216
        ],
        [
          -0.6530256019054538,
          0.7572638883561255,
          -0.010438709105110508,
          2.6260928254081852e-05
        ],
        [
          0.0,
          0.0,
          0.0,
          1.0
        ]
      ],
      "extents": [
        0.016517797168365315,
        0.016585931700314124,
        0.029711943400497064
      ],
      "iou": 0.4638004246284501
    },
    "right_hand_virtual_l": {
      "transform": [
        [
          0.5084250096643587,
          -0.0505141917126769,
          0.8596233628650466,
          4.275573619039605e-19
        ],
        [
          0.8186343693227228,
          0.3380010150987892,
          -0.4643200223507228,
          -8.429600375635264e-19
        ],
        [
          -0.26709881862596185,
          0.939789141365127,
          0.21320082284271938,
          0.0012099999999999986
        ],
        [
          0.0,
          0.0,
          0.0,
          1.0
        ]
      ],
      "extents": [
        0.019924533759217346,
        0.01992767174945868,
        0.01993381218827379
      ],
      "iou": 0.5371001786004221
    },
    "right_hand_l": {
      "transform": [
        [
          -0.0004843279062847258,
          0.026218620618144912,
          0.9996561155514235,
          0.023970193800204688
        ],
        [
          -0.01846316685170105,
          0.9994855981099314,
          -0.026223093651188824,
          0.0007491454744694172
        ],
        [
          -0.9998294239000397,
          -0.018469518231793665,
          -6.11927728314901e-17,
          -2.7492079693575764e-05
        ],
        [
          0.0,
          0.0,
          0.0,
          1.0
        ]
      ],
      "extents": [
        0.018009927412711416,
        0.02122985986796981,
        0.0652369923177744
      ],
      "iou": 0.478334461746784
    },
    "right_hand_p": {
      "transform": [
        [
          -0.001286409936076468,
          -0.00039430657214968367,
          0.9999990948354919,
          0.012745667935454105
        ],
        [
          0.9999979356005005,
          0.001572371624917364,
          0.001287028441850486,
          0.00046651655013194476
        ],
        [
          -0.0015728776854355413,
          0.9999986860840371,
          0.00039228304366189506,
          8.596382823692488e-07
        ],
        [
          0.0,
          0.0,
          0.0,
          1.0
        ]
      ],
      "extents": [
        0.016872270129534156,
        0.01970307790300494,
        0.037505718049986564
      ],
      "iou": 0.33109912815602477
    },
    "right_hand_t": {
      "transform": [
        [
          0.030647166056362626,
          0.012651354892399568,
          -0.9994501960738714,
          0.007605508737986055
        ],
        [
          -0.7567154778836848,
          -0.6529864827170222,
          -0.03146965077846576,
          0.00047020563338875216
        ],
        [
          -0.6530256019054538,
          0.7572638883561255,
          -0.010438709105110508,
          2.6260928254081852e-05
        ],
        [
          0.0,
          0.0,
          0.0,
          1.0
        ]
      ],
      "extents": [
        0.016517797168365315,
        0.016585931700314124,
        0.029711943400497064
      ],
      "iou": 0.4638004246284501
    },
    "right_hand_k": {
      "transform": [
        [
          0.0003667240452574403,
          -0.01648317953533091,
          0.9998640759152618,
          0.025066466003152047
        ],
        [
          -0.005260132652663653,
          0.9998502786372555,
          0.016484881360764477,
          0.0009237628286863024
        ],
        [
          -0.9999860981623448,
          -0.0052654630763254474,
          0.00027996542794012184,
          -5.2283962638548785e-06
        ],
        [
          0.0,
          0.0,
          0.0,
          1.0
        ]
      ],
      "extents": [
        0.01799974976692221,
        0.02057560143743021,
        0.0671955650493557
      ],
      "iou": 0.4926211100417068
    },
    "right_hand_o": {
      "transform": [
        [
          0.0045745713944424,
          -3.2772954497306183e-06,
          -0.9999895365881668,
          0.01577590865363921
        ],
        [
          0.9999892799651164,
          -0.0007164081690646146,
          0.00457457256839545,
          0.0004577266675495153
        ],
        [
          -0.0007164156652167639,
          -0.9999997433742643,
          6.12319960433033e-17,
          -1.586139475952241e-06
        ],
        [
          0.0,
          0.0,
          0.0,
          1.0
        ]
      ],
      "extents": [
        0.01685924067894401,
        0.019608683778448228,
        0.043487302514800076
      ],
      "iou": 0.3620339327440821
    },
    "right_hand_s": {
      "transform": [
        [
          0.030647166056362626,
          0.012651354892399568,
          -0.9994501960738714,
          0.007605508737986055
        ],
        [
          -0.7567154778836848,
          -0.6529864827170222,
          -0.03146965077846576,
          0.00047020563338875216
        ],
        [
          -0.6530256019054538,
          0.7572638883561255,
          -0.010438709105110508,
          2.6260928254081852e-05
        ],
        [
          0.0,
          0.0,
          0.0,
          1.0
        ]
      ],
      "extents": [
        0.016517797168365315,
        0.016585931700314124,
        0.029711943400497064
      ],
      "iou": 0.4638004246284501
    }
  }
}